1409
6885
7320
12076
18552
18869
24479
24579
29887
35661
1850
2617
3776
7475
7675
7932
7974
8858
9504
9636
10145
11044
12416
12788
13686
17673
17819
19498
19821
19875
20570
20975
21208
23563
25612
26669
27142
27862
27967
28296
29605
29700
30531
30857
31381
32013
32580
32712
32987
33391
33879
34250
34843
358
760
1192
1445
1579
2628
4871
7020
8594
11580
13060
13092
13107
13142
13284
13908
14642
14687
15610
15871
15954
15990
16365
17794
19642
19954
21094
21201
21275
22427
23426
23912
28886
31218
32602
32933
33542
34627
36314
712
731
3328
3509
4548
5222
6144
13695
15372
17200
17786
19433
19796
20076
22939
23098
23321
26561
26593
28251
28436
29157
29561
29794
29866
30757
31523
31579
32058
32406
33103
33604
35099
671
885
990
2691
3626
4597
6476
9473
10638
10824
10871
11420
12526
13410
16154
16587
16677
16914
21156
21453
22407
22469
24565
25653
27241
28550
29174
31653
31799
35671
36141
471
986
1621
3123
7138
9731
10590
17748
18930
19188
21933
23288
24580
24953
25289
26159
26874
29016
29934
31321
33415
35332
35734
36346
1971
4630
10228
10390
10727
14327
15022
15315
17693
18855
19742
21224
21765
22434
24430
25735
27950
29241
35336
35337
531
868
1889
3300
4015
4121
4550
4721
6078
6559
7029
7200
7405
7671
7739
8192
8529
8682
8827
9696
10447
10868
11070
11471
11967
12066
12206
13397
14011
14653
15197
15477
16129
16354
16371
16418
17134
17508
17600
17627
18038
18645
19467
19619
21033
21454
22481
22640
22941
23152
23298
23452
23630
23709
24217
25862
26216
26537
26639
27524
27776
29085
29103
29472
29646
29724
30196
31775
31844
32120
32179
32603
32640
33203
34315
34383
35108
36012
713
1101
1160
1274
1907
3818
4449
4832
5485
6429
6446
6702
6868
8335
8708
8886
9695
9935
11784
12394
12588
12810
13102
13811
13981
14068
14449
17335
17376
17849
19132
19418
19655
20038
20295
21142
21468
21756
22235
23080
23396
23601
23967
24130
24601
24985
25240
25445
26595
26634
26710
27937
28091
28733
30162
30164
30526
30616
31230
31328
31572
32994
33144
33963
34002
34927
35799
36333
90
131
269
724
1307
2887
3216
3676
4315
5159
5429
6129
6680
7198
7231
7414
8122
8578
9452
9490
10922
11588
11590
11739
11771
11939
12513
13739
14278
14378
14652
15040
16330
16446
16457
16898
17181
17480
18715
19274
21070
21260
21311
21368
22468
22882
22987
23304
25542
26044
26171
27246
27422
28154
28172
28199
29856
30639
31383
31495
32088
32389
35418
35572
230
1245
1253
1825
2510
2922
4954
4993
7505
7964
7975
8073
8471
8658
8774
8830
9182
10301
11315
12019
12986
13796
15171
15762
16532
16549
16577
16664
17267
17354
17462
17682
17833
18893
19643
21980
22505
22874
23275
25972
26390
26578
28618
28698
28781
28908
29090
31004
31984
32170
32762
33306
33735
34829
35231
35535
35879
1034
1386
2166
3958
4813
4952
7265
7969
8141
8274
9364
9876
10845
10866
13044
13475
13712
13997
14307
15790
15964
16188
16553
17412
18304
19720
20329
20877
21947
24693
25757
27017
28135
28631
29499
30229
31316
31527
32508
33839
34241
1471
2578
4738
6508
7342
8536
9048
11335
13692
13849
14766
19839
21114
28271
29155
29164
35835
806
1085
1516
1852
2087
2837
3079
4706
4744
5123
5289
5309
7631
7700
8075
9612
9754
10103
10284
10306
11056
11225
12855
12995
13225
14205
14891
15295
15345
15472
15918
16088
17684
17842
18186
18333
19641
19737
19984
20762
21036
21037
22423
22606
22674
23074
23961
26105
28125
28378
28486
29607
29712
30480
32130
33351
33466
33627
34329
34867
35582
35889
352
1204
1303
3916
4471
4974
5256
5301
5819
6382
6486
7027
7123
8027
8240
8258
9124
10336
10383
10498
10509
10538
12486
12907
13978
14867
15268
15763
15851
15997
17551
18168
18397
19017
19371
21959
21965
24835
25018
25409
25590
25838
26070
26444
26756
27048
27711
29674
30052
30275
30409
31943
32260
32510
35894
35982
36127
690
750
1173
1248
1292
2446
2950
3144
3323
3579
3726
7177
8475
8837
10208
10323
11431
11968
12924
13458
13806
15923
16363
16751
17299
17581
18720
18726
19239
19264
19835
22349
23110
23247
23263
24174
24224
24871
25482
25752
25819
28389
29033
29275
29757
30210
30360
30498
30746
34059
34156
34259
34428
34653
35720
35815
35883
779
3913
3956
4847
5005
5137
5756
5802
5855
6057
7939
8133
8197
8216
8756
9055
9848
10564
11379
11451
11971
12361
14720
15039
15896
16622
17345
17380
18302
18699
19406
20687
21942
23054
23621
23879
24126
24172
24950
25600
27125
27171
27857
28965
29066
30629
30777
31833
33106
33414
33819
35511
35922
36004
565
1359
2298
2472
3011
3791
4554
4647
4874
5909
5977
7646
7687
7798
10841
12379
13011
14133
14350
16467
18115
18309
18421
18466
20802
21113
21371
21557
21984
22786
27228
27374
28964
29511
29912
30440
30640
30737
30829
31994
33228
34029
34269
35078
35303
35792
36250
